driver=hardware size=960x540 samples=216 flow-prepare=0.45ms/pair fuse=0.17ms/frame

fps  start  alpha  lane        psnr  xfade   gain   bad%   max
 60   0.35   0.17  linear      44.89  39.21   5.68   0.48   53
 60   0.35   0.17  occlusion   39.49  33.63   5.85   0.74  118
 60   0.35   0.17  detail      33.47  29.96   3.51   3.13  204
 60   0.35   0.50  linear      42.90  33.28   9.62   0.55   70
 60   0.35   0.50  occlusion   47.51  29.88  17.63   0.39   96
 60   0.35   0.50  detail      27.83  24.73   3.10   4.46  184
 60   0.35   0.83  linear      41.88  37.46   4.42   0.47   71
 60   0.35   0.83  occlusion   47.72  35.58  12.14   0.79   27
 60   0.35   0.83  detail      32.25  29.98   2.27   3.34  174
 60   1.10   0.17  linear      41.14  36.01   5.13   0.72  100
 60   1.10   0.17  occlusion   41.50  32.43   9.07   2.05   65
 60   1.10   0.17  detail      33.77  30.07   3.70   2.11  229
 60   1.10   0.50  linear      41.14  31.82   9.32   0.71  118
 60   1.10   0.50  occlusion   46.35  26.73  19.62   0.84   90
 60   1.10   0.50  detail      28.55  24.75   3.80   2.66  225
 60   1.10   0.83  linear      42.24  37.52   4.71   0.72   94
 60   1.10   0.83  occlusion   37.68  30.90   6.78   1.86   66
 60   1.10   0.83  detail      34.27  29.96   4.30   2.47  109
 60   1.95   0.17  linear      40.70  36.18   4.52   0.84  106
 60   1.95   0.17  occlusion   40.07  33.51   6.55   1.51   75
 60   1.95   0.17  detail      36.68  30.13   6.55   2.00  152
 60   1.95   0.50  linear      40.05  31.80   8.25   0.71  145
 60   1.95   0.50  occlusion   45.01  28.10  16.91   0.74  120
 60   1.95   0.50  detail      30.20  24.83   5.37   2.61  230
 60   1.95   0.83  linear      40.27  36.91   3.36   0.71  103
 60   1.95   0.83  occlusion   39.24  32.78   6.47   1.34   87
 60   1.95   0.83  detail      34.14  29.85   4.29   1.66  167
 60   2.55   0.17  linear      43.43  36.28   7.15   0.55   79
 60   2.55   0.17  occlusion   47.87  37.70  10.16   0.48   74
 60   2.55   0.17  detail      30.14  30.06   0.08   2.17  219
 60   2.55   0.50  linear      41.24  32.34   8.90   0.53  131
 60   2.55   0.50  occlusion   49.19  32.13  17.06   0.33   54
 60   2.55   0.50  detail      26.17  24.86   1.32   3.31  243
 60   2.55   0.83  linear      44.11  38.23   5.88   0.46   81
 60   2.55   0.83  occlusion   40.65  34.82   5.83   0.44  120
 60   2.55   0.83  detail      30.04  29.97   0.07   3.03  244
 60   3.40   0.17  linear      46.22  39.16   7.05   0.51   71
 60   3.40   0.17  occlusion   43.23  36.64   6.59   1.23  196
 60   3.40   0.17  detail      37.27  32.68   4.58   2.50  149
 60   3.40   0.50  linear      42.27  35.32   6.95   0.62   86
 60   3.40   0.50  occlusion   40.16  30.86   9.31   1.24  156
 60   3.40   0.50  detail      31.18  27.45   3.73   3.25  171
 60   3.40   0.83  linear      44.54  41.40   3.14   0.65   65
 60   3.40   0.83  occlusion   38.80  34.00   4.81   1.66  194
 60   3.40   0.83  detail      36.23  32.24   3.98   1.79  155
 60   4.25   0.17  linear      43.95  38.77   5.17   0.74   68
 60   4.25   0.17  occlusion   45.35  38.34   7.01   0.91   63
 60   4.25   0.17  detail      35.06  32.39   2.68   2.37  143
 60   4.25   0.50  linear      44.01  35.09   8.91   0.55   62
 60   4.25   0.50  occlusion   42.94  32.52  10.42   0.83  115
 60   4.25   0.50  detail      30.76  27.22   3.54  31.01  161
 60   4.25   0.83  linear      47.85  41.35   6.50   0.44   50
 60   4.25   0.83  occlusion   41.64  36.23   5.42   1.25   86
 60   4.25   0.83  detail      36.83  32.33   4.50   2.20   88
 60   5.10   0.17  linear      43.82  39.01   4.80   0.68   62
 60   5.10   0.17  occlusion   49.79  42.14   7.65   0.38   48
 60   5.10   0.17  detail      37.83  32.48   5.35   1.91   70
 60   5.10   0.50  linear      41.77  34.96   6.81   0.73  122
 60   5.10   0.50  occlusion   52.27  36.32  15.95   0.26   58
 60   5.10   0.50  detail      32.00  26.98   5.03   2.48  160
 60   5.10   0.83  linear      44.25  41.09   3.16   0.65   80
 60   5.10   0.83  occlusion   47.37  40.54   6.83   0.39   43
 60   5.10   0.83  detail      36.52  32.16   4.36   2.00  152
 60   5.70   0.17  linear      45.27  44.61   0.65   0.11   91
 60   5.70   0.17  occlusion   40.21  35.69   4.52   0.71  119
 60   5.70   0.17  detail      36.16  32.14   4.02   2.41  145
 60   5.70   0.50  linear      47.75  40.20   7.55   0.17   98
 60   5.70   0.50  occlusion   38.09  30.42   7.66   1.35  178
 60   5.70   0.50  detail      31.20  27.21   3.99  17.05  162
 60   5.70   0.83  linear      54.20  44.89   9.31   0.06   72
 60   5.70   0.83  occlusion   39.33  33.44   5.90   1.66  122
 60   5.70   0.83  detail      34.85  32.30   2.55   2.23  167
 30   0.35   0.17  linear      49.80  33.29  16.51   0.15  102
 30   0.35   0.17  occlusion   42.19  29.41  12.78   0.78  173
 30   0.35   0.17  detail      18.32  19.82  -1.50  66.55  235
 30   0.35   0.50  linear      41.85  28.73  13.11   0.47  160
 30   0.35   0.50  occlusion   36.28  24.20  12.07   0.97  242
 30   0.35   0.50  detail      14.06  14.49  -0.44  85.88  235
 30   0.35   0.83  linear      46.72  33.79  12.93   0.23   93
 30   0.35   0.83  occlusion   38.57  27.29  11.28   0.63  237
 30   0.35   0.83  detail      17.58  19.89  -2.31  66.33  203
 30   1.10   0.17  linear      31.35  32.38  -1.04   0.66  243
 30   1.10   0.17  occlusion   35.95  24.88  11.07   2.00  236
 30   1.10   0.17  detail      17.95  19.80  -1.85  77.91  234
 30   1.10   0.50  linear      32.10  27.34   4.76   0.95  249
 30   1.10   0.50  occlusion   35.29  21.43  13.86   1.89  237
 30   1.10   0.50  detail      12.11  14.52  -2.41  86.24  233
 30   1.10   0.83  linear      34.59  31.44   3.16   0.73  244
 30   1.10   0.83  occlusion   34.59  24.68   9.91   1.97  240
 30   1.10   0.83  detail      16.89  19.87  -2.99  78.61  190
 30   1.95   0.17  linear      42.05  32.44   9.61   0.46  149
 30   1.95   0.17  occlusion   36.24  26.43   9.80   1.53  237
 30   1.95   0.17  detail      14.59  19.81  -5.22  63.50  200
 30   1.95   0.50  linear      38.33  27.71  10.62   0.61  169
 30   1.95   0.50  occlusion   35.99  22.64  13.36   1.23  237
 30   1.95   0.50  detail      10.00  14.50  -4.50  66.45  227
 30   1.95   0.83  linear      38.69  31.60   7.09   0.58  249
 30   1.95   0.83  occlusion   36.73  26.07  10.65   1.47  237
 30   1.95   0.83  detail      17.22  19.90  -2.68  68.26  234
 30   2.55   0.17  linear      41.61  31.78   9.83   0.40  177
 30   2.55   0.17  occlusion   39.37  30.81   8.56   0.54  236
 30   2.55   0.17  detail      16.56  19.74  -3.18  86.20  236
 30   2.55   0.50  linear      39.07  27.32  11.75   0.65  198
 30   2.55   0.50  occlusion   38.73  27.44  11.29   0.46  236
 30   2.55   0.50  detail      10.19  14.44  -4.25  86.45  243
 30   2.55   0.83  linear      42.47  30.95  11.52   0.35  206
 30   2.55   0.83  occlusion   39.64  31.35   8.29   0.49  249
 30   2.55   0.83  detail      15.17  19.82  -4.65  86.21  182
 30   3.40   0.17  linear      41.13  34.86   6.27   0.35  179
 30   3.40   0.17  occlusion   33.98  29.30   4.69   2.00  223
 30   3.40   0.17  detail      20.30  22.39  -2.10  59.48  199
 30   3.40   0.50  linear      35.65  30.65   5.00   0.73  141
 30   3.40   0.50  occlusion   32.13  26.22   5.91   2.37  232
 30   3.40   0.50  detail      15.98  16.98  -1.01  61.92  169
 30   3.40   0.83  linear      38.04  33.63   4.42   0.43  165
 30   3.40   0.83  occlusion   33.34  29.70   3.63   2.22  229
 30   3.40   0.83  detail      20.16  22.38  -2.22  59.96  186
 30   4.25   0.17  linear      37.73  35.02   2.71   0.83  169
 30   4.25   0.17  occlusion   34.54  30.58   3.96   1.65  225
 30   4.25   0.17  detail      19.04  22.33  -3.30  68.87  179
 30   4.25   0.50  linear      35.80  30.57   5.22   0.77  198
 30   4.25   0.50  occlusion   33.68  27.69   5.99   1.68  205
 30   4.25   0.50  detail      14.94  17.00  -2.05  85.56  160
 30   4.25   0.83  linear      39.08  33.76   5.32   0.51  198
 30   4.25   0.83  occlusion   35.33  30.99   4.34   1.39  194
 30   4.25   0.83  detail      20.42  22.37  -1.96  67.62  152
 30   5.10   0.17  linear      40.67  35.22   5.44   0.49  126
 30   5.10   0.17  occlusion   37.05  34.59   2.46   0.72  225
 30   5.10   0.17  detail      19.20  22.25  -3.05  83.75  167
 30   5.10   0.50  linear      36.14  30.30   5.84   0.98  194
 30   5.10   0.50  occlusion   39.10  31.61   7.49   0.51  225
 30   5.10   0.50  detail      12.95  16.95  -3.99  85.55  196
 30   5.10   0.83  linear      41.99  34.09   7.90   0.44  176
 30   5.10   0.83  occlusion   40.04  34.07   5.97   0.50  225
 30   5.10   0.83  detail      17.84  22.19  -4.35  83.65  153
 30   5.70   0.17  linear      39.17  38.41   0.76   0.17  174
 30   5.70   0.17  occlusion   33.34  29.44   3.90   1.71  232
 30   5.70   0.17  detail      20.94  22.27  -1.33  66.69  150
 30   5.70   0.50  linear      41.94  35.32   6.62   0.12  197
 30   5.70   0.50  occlusion   32.23  26.10   6.13   2.38  238
 30   5.70   0.50  detail      15.22  16.92  -1.70  76.87  199
 30   5.70   0.83  linear      52.90  38.71  14.19   0.08  134
 30   5.70   0.83  occlusion   34.74  30.13   4.61   1.93  225
 30   5.70   0.83  detail      21.40  22.31  -0.91  63.02  151
 20   0.35   0.17  linear      33.91  30.41   3.50   0.74  242
 20   0.35   0.17  occlusion   27.83  27.23   0.61   2.39  244
 20   0.35   0.17  detail      14.93  15.65  -0.72  86.72  245
 20   0.35   0.50  linear      31.51  27.28   4.23   0.90  245
 20   0.35   0.50  occlusion   23.48  22.84   0.64   2.64  246
 20   0.35   0.50  detail       8.86   9.97  -1.11  86.44  231
 20   0.35   0.83  linear      34.35  30.23   4.12   0.69  243
 20   0.35   0.83  occlusion   25.04  25.28  -0.24   2.78  242
 20   0.35   0.83  detail      14.94  15.62  -0.68  86.74  246
 20   1.10   0.17  linear      35.20  29.04   6.16   0.97  242
 20   1.10   0.17  occlusion   22.94  23.59  -0.65   5.31  244
 20   1.10   0.17  detail      15.00  15.65  -0.65  85.87  220
 20   1.10   0.50  linear      30.06  26.06   3.99   1.09  252
 20   1.10   0.50  occlusion   22.09  20.38   1.71   5.16  251
 20   1.10   0.50  detail       8.91   9.96  -1.04  86.34  255
 20   1.10   0.83  linear      36.77  29.11   7.66   0.86  242
 20   1.10   0.83  occlusion   21.21  22.91  -1.70   5.33  252
 20   1.10   0.83  detail      15.02  15.61  -0.59  85.66  237
 20   1.95   0.17  linear      32.67  29.13   3.54   0.91  243
 20   1.95   0.17  occlusion   23.85  24.95  -1.10   3.45  252
 20   1.95   0.17  detail      14.98  15.68  -0.70  86.67  245
 20   1.95   0.50  linear      32.29  25.79   6.51   0.92  249
 20   1.95   0.50  occlusion   23.65  21.65   2.00   3.59  253
 20   1.95   0.50  detail       8.86   9.93  -1.08  86.71  245
 20   1.95   0.83  linear      33.16  29.18   3.98   0.92  242
 20   1.95   0.83  occlusion   22.13  24.01  -1.88   3.13  249
 20   1.95   0.83  detail      14.93  15.58  -0.65  86.02  245
 20   2.55   0.17  linear      33.59  29.49   4.10   0.82  242
 20   2.55   0.17  occlusion   37.16  29.07   8.09   0.92  243
 20   2.55   0.17  detail      15.02  15.65  -0.63  85.88  245
 20   2.55   0.50  linear      34.44  26.34   8.10   0.82  250
 20   2.55   0.50  occlusion   35.12  26.05   9.08   0.89  244
 20   2.55   0.50  detail       8.90   9.96  -1.06  86.57  255
 20   2.55   0.83  linear      34.00  29.46   4.54   0.64  242
 20   2.55   0.83  occlusion   33.05  28.45   4.60   0.86  237
 20   2.55   0.83  detail      15.03  15.63  -0.60  85.98  246
 20   3.40   0.17  linear      35.39  32.48   2.91   0.81  198
 20   3.40   0.17  occlusion   26.15  27.82  -1.67   5.10  230
 20   3.40   0.17  detail      17.49  18.16  -0.67  86.45  161
 20   3.40   0.50  linear      34.58  29.29   5.29   0.79  198
 20   3.40   0.50  occlusion   24.00  24.83  -0.83   4.94  235
 20   3.40   0.50  detail      11.35  12.40  -1.06  86.76  183
 20   3.40   0.83  linear      36.29  32.50   3.78   0.60  192
 20   3.40   0.83  occlusion   27.11  27.68  -0.56   4.46  232
 20   3.40   0.83  detail      17.44  18.07  -0.62  85.86  182
 20   4.25   0.17  linear      36.60  32.31   4.29   0.75  200
 20   4.25   0.17  occlusion   27.83  29.40  -1.56   3.35  228
 20   4.25   0.17  detail      17.45  18.13  -0.68  85.95  172
 20   4.25   0.50  linear      33.57  29.13   4.44   0.75  195
 20   4.25   0.50  occlusion   26.52  26.37   0.15   3.20  235
 20   4.25   0.50  detail      11.41  12.41  -1.00  58.73  197
 20   4.25   0.83  linear      36.15  32.20   3.95   0.99  195
 20   4.25   0.83  occlusion   29.13  29.07   0.06   2.77  225
 20   4.25   0.83  detail      17.56  18.08  -0.52  85.88  157
 20   5.10   0.17  linear      35.60  32.05   3.55   0.86  197
 20   5.10   0.17  occlusion   35.45  33.19   2.27   1.05  237
 20   5.10   0.17  detail      17.49  18.10  -0.61  85.60  189
 20   5.10   0.50  linear      33.18  29.08   4.09   0.90  205
 20   5.10   0.50  occlusion   33.18  29.74   3.44   1.08  238
 20   5.10   0.50  detail      11.36  12.40  -1.04  86.43  197
 20   5.10   0.83  linear      36.73  31.97   4.76   0.95  180
 20   5.10   0.83  occlusion   34.21  31.31   2.91   1.17  227
 20   5.10   0.83  detail      17.44  18.09  -0.65  58.34  189
 20   5.70   0.17  linear      43.62  37.26   6.36   0.23  147
 20   5.70   0.17  occlusion   26.31  27.52  -1.21   4.35  236
 20   5.70   0.17  detail      17.49  18.07  -0.59  86.19  188
 20   5.70   0.50  linear      43.22  34.21   9.02   0.22  201
 20   5.70   0.50  occlusion   24.49  24.82  -0.34   4.59  238
 20   5.70   0.50  detail      11.38  12.38  -1.00  59.13  193
 20   5.70   0.83  linear      44.32  38.44   5.88   0.20  191
 20   5.70   0.83  occlusion   27.31  27.94  -0.63   4.34  235
 20   5.70   0.83  detail      17.53  18.07  -0.55  86.15  190

lane        mean   worst  xfade-mean  xfade-worst  worst-bad%  max
detail      21.29   8.86       21.24         9.93       86.76  255
linear      39.72  30.06       33.54        25.79        1.09  252
occlusion   35.69  21.21       29.56        20.38        5.33  253

temporal (60 FPS source, 4x output, 6 consecutive pairs)
lane        error-step  xfade-step
linear            0.14        0.30
occlusion         0.76        1.43
detail            2.28        5.52
interpolation quality: ok
